Run dir: /home/lugozzi/Desktop/tirocinio/Codice/sumo-traffic-control/logs/ablation/runs/run_0024_20260527_122000
Gruppi: 9
Ordinamento: wait (asc)

=== bologna / balanced / high ===
Rank | Scenario                | MeanWait[s] | DeltaWait[%] | MeanTravel[s] | DeltaTravel[%] | MeanTimeLoss[s] | DeltaTimeLoss[s] | Censoring[%] | P95Wait[s] | P95Travel[s] | MeanSpeed[m/s] | Completed | Runs
-----+-------------------------+-------------+--------------+---------------+----------------+-----------------+------------------+--------------+------------+--------------+----------------+-----------+-----
1    | mp_program0             | 711.30      | -4.70        | 1114.49       | -1.51          | 932.17          | -23.55           | 5.52%        | 2405.40    | 3168.85      | 5.57           | 4724      | 1
2    | fixed_program0          | 746.37      | +0.00        | 1131.61       | +0.00          | 955.72          | +0.00            | 12.14%       | 2824.60    | 3670.00      | 5.81           | 4393      | 1
3    | mp_super                | 783.62      | +4.99        | 1202.29       | +6.25          | 1020.89         | +65.17           | 5.46%        | 2633.80    | 3391.70      | 5.40           | 4727      | 1
4    | fixed_tuned             | 933.99      | +25.14       | 1334.85       | +17.96         | 1161.50         | +205.78          | 12.02%       | 2947.70    | 3778.10      | 4.73           | 4399      | 1
5    | mp_switch_rel005        | 962.41      | +28.95       | 1316.15       | +16.31         | 1135.11         | +179.39          | 18.88%       | 3309.75    | 4021.75      | 5.97           | 4056      | 1
6    | mp_fair_mu3_w30         | 964.77      | +29.26       | 1317.80       | +16.45         | 1140.78         | +185.06          | 19.80%       | 3555.00    | 4250.10      | 6.00           | 4010      | 1
7    | mp_fair_mu5_w20         | 969.36      | +29.88       | 1332.98       | +17.80         | 1152.65         | +196.93          | 18.78%       | 3599.00    | 4325.00      | 6.04           | 4061      | 1
8    | mp_lta_g060_sf050       | 1014.76     | +35.96       | 1353.41       | +19.60         | 1173.90         | +218.18          | 25.34%       | 3680.00    | 4251.80      | 5.91           | 3733      | 1
9    | mp_switch_rel010        | 1031.24     | +38.17       | 1390.60       | +22.89         | 1211.72         | +256.00          | 18.20%       | 3431.55    | 4048.30      | 5.79           | 4090      | 1
10   | mp_switch_eps1          | 1036.18     | +38.83       | 1388.41       | +22.69         | 1206.82         | +251.10          | 21.32%       | 3481.00    | 4151.90      | 5.80           | 3934      | 1
11   | mp_base                 | 1043.29     | +39.78       | 1404.23       | +24.09         | 1223.80         | +268.08          | 19.58%       | 3539.00    | 4203.00      | 5.89           | 4021      | 1
12   | mp_lta_g040_sf050       | 1070.58     | +43.44       | 1416.65       | +25.19         | 1237.62         | +281.90          | 21.52%       | 3882.25    | 4529.00      | 5.85           | 3924      | 1
13   | mp_nmin_a080_f2         | 1100.00     | +47.38       | 1481.20       | +30.89         | 1298.34         | +342.62          | 22.44%       | 3611.30    | 4304.65      | 5.69           | 3878      | 1
14   | mp_platoon_x2           | 1111.88     | +48.97       | 1496.04       | +32.20         | 1312.81         | +357.09          | 10.86%       | 3656.80    | 4315.00      | 5.68           | 4457      | 1
15   | mp_platoon_x4           | 1129.18     | +51.29       | 1507.03       | +33.18         | 1325.48         | +369.76          | 11.22%       | 3727.10    | 4443.10      | 5.69           | 4439      | 1
16   | mp_nmin_a120_f4         | 1152.05     | +54.35       | 1519.70       | +34.30         | 1340.34         | +384.62          | 21.78%       | 3933.00    | 4600.50      | 5.57           | 3911      | 1
17   | mp_downstream_b04       | 1155.46     | +54.81       | 1504.76       | +32.98         | 1327.90         | +372.18          | 38.10%       | 3808.90    | 4436.80      | 5.09           | 3095      | 1
18   | mp_downstream_b08       | 1179.93     | +58.09       | 1537.33       | +35.85         | 1360.87         | +405.15          | 37.08%       | 3986.75    | 4597.50      | 5.04           | 3146      | 1
19   | mp_spillback_on85_off70 | 1184.05     | +58.64       | 1553.93       | +37.32         | 1375.25         | +419.53          | 19.30%       | 3704.90    | 4403.90      | 5.68           | 4035      | 1
20   | mp_spillback_on90_off80 | 1194.57     | +60.05       | 1583.26       | +39.91         | 1402.59         | +446.87          | 10.80%       | 3613.20    | 4383.00      | 5.41           | 4460      | 1

=== bologna / balanced / low ===
Rank | Scenario                | MeanWait[s] | DeltaWait[%] | MeanTravel[s] | DeltaTravel[%] | MeanTimeLoss[s] | DeltaTimeLoss[s] | Censoring[%] | P95Wait[s] | P95Travel[s] | MeanSpeed[m/s] | Completed | Runs
-----+-------------------------+-------------+--------------+---------------+----------------+-----------------+------------------+--------------+------------+--------------+----------------+-----------+-----
1    | mp_super                | 190.09      | -6.53        | 461.21        | -3.01          | 291.59          | -14.33           | 0.00%        | 440.00     | 899.05       | 8.63           | 1500      | 1
2    | mp_program0             | 194.10      | -4.56        | 463.25        | -2.59          | 293.61          | -12.31           | 0.00%        | 464.35     | 919.10       | 8.64           | 1500      | 1
3    | fixed_program0          | 203.37      | +0.00        | 475.54        | +0.00          | 305.92          | +0.00            | 0.00%        | 492.00     | 964.00       | 8.48           | 1500      | 1
4    | fixed_tuned             | 263.07      | +29.35       | 538.27        | +13.19         | 368.64          | +62.72           | 0.00%        | 588.20     | 1036.10      | 7.54           | 1500      | 1
5    | mp_fair_mu5_w20         | 336.20      | +65.31       | 597.09        | +25.56         | 426.45          | +120.53          | 0.00%        | 1295.35    | 1683.05      | 9.01           | 1500      | 1
6    | mp_fair_mu3_w30         | 380.38      | +87.04       | 644.05        | +35.44         | 472.65          | +166.73          | 0.00%        | 1537.15    | 1886.55      | 8.92           | 1500      | 1
7    | mp_lta_g040_sf050       | 394.22      | +93.84       | 660.51        | +38.90         | 488.32          | +182.40          | 0.00%        | 1556.15    | 2003.30      | 8.55           | 1500      | 1
8    | mp_platoon_x2           | 402.29      | +97.81       | 667.56        | +40.38         | 495.03          | +189.11          | 0.00%        | 1535.75    | 2041.00      | 8.87           | 1500      | 1
9    | mp_spillback_on85_off70 | 413.57      | +103.36      | 678.58        | +42.70         | 506.58          | +200.66          | 0.00%        | 1657.40    | 2156.05      | 8.75           | 1500      | 1
10   | mp_switch_eps1          | 414.32      | +103.73      | 680.38        | +43.07         | 507.91          | +201.99          | 0.00%        | 1660.95    | 2143.35      | 8.53           | 1500      | 1
11   | mp_lta_g060_sf050       | 416.63      | +104.86      | 682.78        | +43.58         | 510.90          | +204.97          | 0.20%        | 1383.00    | 1858.20      | 8.17           | 1497      | 1
12   | mp_nmin_a120_f4         | 429.51      | +111.19      | 696.12        | +46.38         | 523.52          | +217.59          | 0.00%        | 1827.25    | 2310.15      | 8.78           | 1500      | 1
13   | mp_base                 | 431.40      | +112.13      | 696.50        | +46.46         | 524.32          | +218.40          | 0.20%        | 1650.60    | 2199.20      | 8.73           | 1497      | 1
14   | mp_switch_rel005        | 431.40      | +112.13      | 696.50        | +46.46         | 524.32          | +218.40          | 0.20%        | 1650.60    | 2199.20      | 8.73           | 1497      | 1
15   | mp_spillback_on90_off80 | 431.77      | +112.30      | 698.23        | +46.83         | 525.97          | +220.05          | 0.00%        | 1814.35    | 2268.15      | 8.73           | 1500      | 1
16   | mp_switch_rel010        | 431.84      | +112.34      | 696.58        | +46.48         | 524.29          | +218.37          | 0.27%        | 1705.50    | 2163.50      | 8.75           | 1496      | 1
17   | mp_platoon_x4           | 433.88      | +113.34      | 701.86        | +47.59         | 529.04          | +223.12          | 0.00%        | 1808.90    | 2261.30      | 8.69           | 1500      | 1
18   | mp_nmin_a080_f2         | 481.11      | +136.57      | 750.84        | +57.89         | 577.91          | +271.99          | 0.07%        | 2035.00    | 2537.80      | 8.64           | 1499      | 1
19   | mp_downstream_b04       | 562.66      | +176.66      | 865.65        | +82.04         | 696.75          | +390.83          | 2.20%        | 2249.30    | 2902.20      | 7.00           | 1467      | 1
20   | mp_downstream_b08       | 568.80      | +179.69      | 873.18        | +83.62         | 705.57          | +399.65          | 3.53%        | 2465.40    | 3126.20      | 7.17           | 1447      | 1

=== bologna / balanced / medium ===
Rank | Scenario                | MeanWait[s] | DeltaWait[%] | MeanTravel[s] | DeltaTravel[%] | MeanTimeLoss[s] | DeltaTimeLoss[s] | Censoring[%] | P95Wait[s] | P95Travel[s] | MeanSpeed[m/s] | Completed | Runs
-----+-------------------------+-------------+--------------+---------------+----------------+-----------------+------------------+--------------+------------+--------------+----------------+-----------+-----
1    | mp_super                | 383.35      | -27.47       | 700.17        | -19.35         | 525.43          | -167.32          | 0.00%        | 1473.30    | 1931.25      | 7.05           | 3000      | 1
2    | mp_program0             | 435.51      | -17.60       | 753.90        | -13.16         | 578.63          | -114.12          | 0.17%        | 1942.80    | 2447.00      | 6.94           | 2995      | 1
3    | fixed_program0          | 528.50      | +0.00        | 868.20        | +0.00          | 692.75          | +0.00            | 0.87%        | 2181.00    | 2914.75      | 6.74           | 2974      | 1
4    | fixed_tuned             | 535.98      | +1.41        | 873.68        | +0.63          | 700.69          | +7.94            | 0.00%        | 1686.15    | 2401.05      | 5.95           | 3000      | 1
5    | mp_lta_g060_sf050       | 615.20      | +16.40       | 921.06        | +6.09          | 742.92          | +50.17           | 2.27%        | 2823.90    | 3381.65      | 7.30           | 2932      | 1
6    | mp_lta_g040_sf050       | 616.11      | +16.58       | 923.90        | +6.42          | 745.49          | +52.74           | 2.37%        | 2490.80    | 3035.20      | 7.47           | 2929      | 1
7    | mp_spillback_on90_off80 | 622.60      | +17.81       | 934.03        | +7.58          | 756.28          | +63.53           | 2.40%        | 2334.85    | 2951.85      | 7.45           | 2928      | 1
8    | mp_base                 | 635.19      | +20.19       | 947.57        | +9.14          | 769.22          | +76.47           | 3.27%        | 2654.90    | 3223.95      | 7.47           | 2902      | 1
9    | mp_switch_rel005        | 639.17      | +20.94       | 948.57        | +9.26          | 770.54          | +77.78           | 2.73%        | 2552.75    | 3134.95      | 7.43           | 2918      | 1
10   | mp_spillback_on85_off70 | 659.85      | +24.85       | 971.74        | +11.93         | 792.99          | +100.23          | 2.03%        | 2596.10    | 3175.10      | 7.35           | 2939      | 1
11   | mp_platoon_x4           | 679.19      | +28.51       | 997.39        | +14.88         | 820.50          | +127.74          | 2.43%        | 2708.10    | 3331.70      | 7.22           | 2927      | 1
12   | mp_fair_mu5_w20         | 686.45      | +29.89       | 1003.39       | +15.57         | 825.15          | +132.39          | 1.30%        | 2569.00    | 3159.00      | 7.18           | 2961      | 1
13   | mp_switch_rel010        | 689.62      | +30.49       | 1006.20       | +15.90         | 828.91          | +136.16          | 2.30%        | 2848.00    | 3465.00      | 7.49           | 2931      | 1
14   | mp_platoon_x2           | 689.90      | +30.54       | 1004.14       | +15.66         | 826.94          | +134.18          | 2.37%        | 2636.60    | 3264.00      | 7.30           | 2929      | 1
15   | mp_switch_eps1          | 694.45      | +31.40       | 1007.02       | +15.99         | 829.22          | +136.47          | 2.57%        | 2844.60    | 3461.00      | 7.18           | 2923      | 1
16   | mp_fair_mu3_w30         | 698.28      | +32.12       | 1022.29       | +17.75         | 844.85          | +152.09          | 0.13%        | 2788.50    | 3380.25      | 7.01           | 2996      | 1
17   | mp_nmin_a080_f2         | 719.55      | +36.15       | 1042.77       | +20.11         | 863.81          | +171.06          | 3.17%        | 2846.00    | 3497.40      | 7.17           | 2905      | 1
18   | mp_nmin_a120_f4         | 738.87      | +39.80       | 1055.53       | +21.58         | 876.71          | +183.96          | 3.60%        | 3109.80    | 3750.50      | 7.31           | 2892      | 1
19   | mp_downstream_b04       | 941.51      | +78.15       | 1272.39       | +46.56         | 1100.90         | +408.15          | 17.20%       | 3590.40    | 4255.15      | 5.80           | 2484      | 1
20   | mp_downstream_b08       | 1105.41     | +109.16      | 1451.36       | +67.17         | 1275.52         | +582.77          | 16.87%       | 3809.15    | 4493.80      | 5.35           | 2494      | 1

=== bologna / peak / high ===
Rank | Scenario                | MeanWait[s] | DeltaWait[%] | MeanTravel[s] | DeltaTravel[%] | MeanTimeLoss[s] | DeltaTimeLoss[s] | Censoring[%] | P95Wait[s] | P95Travel[s] | MeanSpeed[m/s] | Completed | Runs
-----+-------------------------+-------------+--------------+---------------+----------------+-----------------+------------------+--------------+------------+--------------+----------------+-----------+-----
1    | mp_nmin_a120_f4         | 1026.65     | -24.26       | 1439.58       | -25.78         | 1239.01         | -493.02          | 51.28%       | 3639.25    | 4334.50      | 5.40           | 2436      | 1
2    | mp_switch_rel005        | 1091.06     | -19.51       | 1528.69       | -21.18         | 1327.25         | -404.79          | 47.18%       | 3507.00    | 4226.00      | 5.07           | 2641      | 1
3    | mp_nmin_a080_f2         | 1142.85     | -15.69       | 1612.85       | -16.84         | 1409.58         | -322.46          | 48.50%       | 3512.00    | 4339.10      | 4.78           | 2575      | 1
4    | mp_platoon_x2           | 1164.34     | -14.11       | 1600.79       | -17.46         | 1401.08         | -330.95          | 46.68%       | 3804.75    | 4582.00      | 5.08           | 2666      | 1
5    | mp_base                 | 1184.75     | -12.60       | 1626.46       | -16.14         | 1423.86         | -308.17          | 47.04%       | 3879.30    | 4599.20      | 4.94           | 2648      | 1
6    | mp_platoon_x4           | 1212.00     | -10.59       | 1654.93       | -14.67         | 1452.46         | -279.57          | 48.08%       | 3867.75    | 4620.50      | 5.00           | 2596      | 1
7    | mp_switch_rel010        | 1217.70     | -10.17       | 1667.71       | -14.01         | 1467.91         | -264.12          | 47.98%       | 3819.00    | 4564.00      | 4.91           | 2601      | 1
8    | mp_fair_mu5_w20         | 1239.25     | -8.58        | 1706.02       | -12.04         | 1507.36         | -224.68          | 46.00%       | 3803.05    | 4476.00      | 4.59           | 2700      | 1
9    | mp_spillback_on90_off80 | 1245.05     | -8.15        | 1689.43       | -12.89         | 1490.55         | -241.48          | 47.12%       | 3833.70    | 4524.00      | 4.84           | 2644      | 1
10   | mp_fair_mu3_w30         | 1251.64     | -7.67        | 1710.88       | -11.79         | 1510.42         | -221.61          | 46.34%       | 3678.60    | 4409.80      | 4.67           | 2683      | 1
11   | mp_spillback_on85_off70 | 1257.58     | -7.23        | 1712.07       | -11.73         | 1510.88         | -221.16          | 44.78%       | 3814.00    | 4558.00      | 4.72           | 2761      | 1
12   | mp_switch_eps1          | 1288.36     | -4.96        | 1732.54       | -10.67         | 1531.62         | -200.42          | 46.32%       | 3725.55    | 4445.10      | 4.84           | 2684      | 1
13   | mp_super                | 1334.64     | -1.54        | 1986.79       | +2.44          | 1784.14         | +52.10           | 21.62%       | 3412.30    | 4624.00      | 3.74           | 3919      | 1
14   | mp_lta_g040_sf050       | 1351.09     | -0.33        | 1805.60       | -6.90          | 1600.43         | -131.61          | 45.60%       | 4016.20    | 4723.05      | 4.76           | 2720      | 1
15   | fixed_program0          | 1355.56     | +0.00        | 1939.49       | +0.00          | 1732.03         | +0.00            | 28.42%       | 3633.20    | 4670.00      | 3.94           | 3579      | 1
16   | mp_lta_g060_sf050       | 1404.11     | +3.58        | 1843.71       | -4.94          | 1637.54         | -94.50           | 48.20%       | 3916.10    | 4604.35      | 4.72           | 2590      | 1
17   | mp_program0             | 1432.36     | +5.67        | 2081.83       | +7.34          | 1880.67         | +148.64          | 21.78%       | 3479.00    | 4801.00      | 3.66           | 3911      | 1
18   | fixed_tuned             | 1435.63     | +5.91        | 1960.38       | +1.08          | 1761.04         | +29.01           | 35.88%       | 3823.75    | 4747.25      | 3.54           | 3206      | 1
19   | mp_downstream_b08       | 1468.84     | +8.36        | 1914.02       | -1.31          | 1710.09         | -21.95           | 61.22%       | 4003.50    | 4710.30      | 3.91           | 1939      | 1
20   | mp_downstream_b04       | 1484.79     | +9.53        | 1908.73       | -1.59          | 1711.44         | -20.59           | 62.56%       | 4113.35    | 4815.70      | 4.11           | 1872      | 1

=== bologna / peak / low ===
Rank | Scenario                | MeanWait[s] | DeltaWait[%] | MeanTravel[s] | DeltaTravel[%] | MeanTimeLoss[s] | DeltaTimeLoss[s] | Censoring[%] | P95Wait[s] | P95Travel[s] | MeanSpeed[m/s] | Completed | Runs
-----+-------------------------+-------------+--------------+---------------+----------------+-----------------+------------------+--------------+------------+--------------+----------------+-----------+-----
1    | mp_super                | 408.26      | -41.59       | 815.46        | -27.03         | 611.54          | -301.63          | 0.00%        | 1242.10    | 1972.15      | 6.85           | 1500      | 1
2    | mp_program0             | 461.79      | -33.93       | 862.80        | -22.79         | 658.20          | -254.97          | 0.00%        | 1580.20    | 2280.20      | 6.75           | 1500      | 1
3    | fixed_program0          | 698.90      | +0.00        | 1117.52       | +0.00          | 913.17          | +0.00            | 0.40%        | 2847.05    | 3618.30      | 6.25           | 1494      | 1
4    | mp_platoon_x2           | 699.90      | +0.14        | 1085.75       | -2.84          | 879.72          | -33.46           | 1.53%        | 2062.60    | 2783.00      | 6.98           | 1477      | 1
5    | mp_lta_g060_sf050       | 702.98      | +0.58        | 1083.76       | -3.02          | 877.99          | -35.18           | 0.00%        | 2213.20    | 2928.40      | 6.95           | 1500      | 1
6    | mp_spillback_on90_off80 | 727.88      | +4.15        | 1117.24       | -0.03          | 911.22          | -1.96            | 0.00%        | 2250.10    | 2912.90      | 6.96           | 1500      | 1
7    | fixed_tuned             | 727.91      | +4.15        | 1149.55       | +2.87          | 945.79          | +32.61           | 0.27%        | 2627.50    | 3445.50      | 5.50           | 1496      | 1
8    | mp_fair_mu5_w20         | 734.72      | +5.12        | 1122.66       | +0.46          | 916.24          | +3.07            | 0.00%        | 2144.50    | 2841.20      | 6.78           | 1500      | 1
9    | mp_base                 | 735.16      | +5.19        | 1123.70       | +0.55          | 917.55          | +4.38            | 1.27%        | 2237.00    | 2958.00      | 7.01           | 1481      | 1
10   | mp_switch_rel005        | 735.16      | +5.19        | 1123.70       | +0.55          | 917.55          | +4.38            | 1.27%        | 2237.00    | 2958.00      | 7.01           | 1481      | 1
11   | mp_nmin_a080_f2         | 738.86      | +5.72        | 1135.70       | +1.63          | 929.33          | +16.16           | 2.07%        | 2268.40    | 2950.20      | 6.78           | 1469      | 1
12   | mp_fair_mu3_w30         | 745.92      | +6.73        | 1133.50       | +1.43          | 928.12          | +14.95           | 0.00%        | 2239.60    | 2895.95      | 6.79           | 1500      | 1
13   | mp_lta_g040_sf050       | 754.59      | +7.97        | 1136.76       | +1.72          | 930.30          | +17.13           | 0.27%        | 2430.50    | 3054.25      | 6.85           | 1496      | 1
14   | mp_switch_rel010        | 764.56      | +9.39        | 1150.86       | +2.98          | 944.45          | +31.28           | 0.00%        | 2328.05    | 3008.45      | 6.94           | 1500      | 1
15   | mp_spillback_on85_off70 | 774.91      | +10.88       | 1164.03       | +4.16          | 958.21          | +45.04           | 0.47%        | 2332.60    | 3089.00      | 6.91           | 1493      | 1
16   | mp_switch_eps1          | 783.82      | +12.15       | 1158.47       | +3.66          | 951.77          | +38.60           | 0.00%        | 2579.25    | 3220.40      | 6.91           | 1500      | 1
17   | mp_platoon_x4           | 807.72      | +15.57       | 1193.21       | +6.77          | 986.47          | +73.29           | 0.33%        | 2371.00    | 3057.30      | 6.97           | 1495      | 1
18   | mp_nmin_a120_f4         | 830.31      | +18.80       | 1226.94       | +9.79          | 1020.13         | +106.96          | 0.00%        | 2761.75    | 3463.15      | 6.75           | 1500      | 1
19   | mp_downstream_b08       | 901.22      | +28.95       | 1287.45       | +15.21         | 1089.50         | +176.33          | 20.73%       | 3322.80    | 4032.20      | 5.97           | 1189      | 1
20   | mp_downstream_b04       | 914.44      | +30.84       | 1309.67       | +17.19         | 1112.56         | +199.38          | 18.80%       | 3432.90    | 4264.00      | 5.90           | 1218      | 1

=== bologna / peak / medium ===
Rank | Scenario                | MeanWait[s] | DeltaWait[%] | MeanTravel[s] | DeltaTravel[%] | MeanTimeLoss[s] | DeltaTimeLoss[s] | Censoring[%] | P95Wait[s] | P95Travel[s] | MeanSpeed[m/s] | Completed | Runs
-----+-------------------------+-------------+--------------+---------------+----------------+-----------------+------------------+--------------+------------+--------------+----------------+-----------+-----
1    | mp_super                | 892.89      | -10.60       | 1442.77       | -3.71          | 1237.99         | -59.50           | 4.57%        | 3076.30    | 4082.60      | 4.87           | 2863      | 1
2    | mp_program0             | 901.63      | -9.73        | 1446.07       | -3.49          | 1241.68         | -55.80           | 6.10%        | 2826.20    | 3925.20      | 4.89           | 2817      | 1
3    | mp_spillback_on90_off80 | 960.20      | -3.86        | 1333.49       | -11.01         | 1134.27         | -163.21          | 32.50%       | 3943.00    | 4576.40      | 6.35           | 2025      | 1
4    | fixed_program0          | 998.77      | +0.00        | 1498.38       | +0.00          | 1297.48         | +0.00            | 13.20%       | 3178.65    | 3943.55      | 4.96           | 2604      | 1
5    | mp_lta_g060_sf050       | 1025.85     | +2.71        | 1411.90       | -5.77          | 1211.42         | -86.06           | 30.10%       | 3821.40    | 4509.00      | 6.02           | 2097      | 1
6    | mp_switch_rel010        | 1074.89     | +7.62        | 1467.94       | -2.03          | 1270.21         | -27.27           | 28.80%       | 3910.25    | 4584.25      | 5.85           | 2136      | 1
7    | fixed_tuned             | 1180.15     | +18.16       | 1678.68       | +12.03         | 1477.33         | +179.85          | 14.73%       | 3203.60    | 4168.30      | 4.12           | 2558      | 1
8    | mp_platoon_x4           | 1189.89     | +19.14       | 1647.06       | +9.92          | 1441.66         | +144.18          | 15.40%       | 3560.30    | 4391.05      | 5.30           | 2538      | 1
9    | mp_platoon_x2           | 1198.61     | +20.01       | 1635.07       | +9.12          | 1427.74         | +130.26          | 23.70%       | 3764.60    | 4589.00      | 5.77           | 2289      | 1
10   | mp_spillback_on85_off70 | 1225.68     | +22.72       | 1638.96       | +9.38          | 1441.02         | +143.54          | 25.73%       | 4013.30    | 4753.90      | 5.57           | 2228      | 1
11   | mp_fair_mu3_w30         | 1232.26     | +23.38       | 1687.30       | +12.61         | 1485.80         | +188.32          | 18.60%       | 3841.70    | 4597.60      | 5.46           | 2442      | 1
12   | mp_switch_rel005        | 1251.21     | +25.27       | 1668.80       | +11.37         | 1468.13         | +170.65          | 22.93%       | 4105.45    | 4837.90      | 5.88           | 2312      | 1
13   | mp_base                 | 1255.09     | +25.66       | 1681.07       | +12.19         | 1479.27         | +181.79          | 21.23%       | 4001.00    | 4787.60      | 5.81           | 2363      | 1
14   | mp_fair_mu5_w20         | 1257.18     | +25.87       | 1682.38       | +12.28         | 1483.34         | +185.86          | 24.50%       | 4118.60    | 4843.20      | 5.61           | 2265      | 1
15   | mp_nmin_a080_f2         | 1258.73     | +26.03       | 1696.21       | +13.20         | 1493.70         | +196.21          | 27.00%       | 3992.55    | 4788.55      | 5.39           | 2190      | 1
16   | mp_downstream_b04       | 1261.47     | +26.30       | 1680.03       | +12.12         | 1478.28         | +180.80          | 43.40%       | 3832.15    | 4463.60      | 4.58           | 1698      | 1
17   | mp_switch_eps1          | 1270.02     | +27.16       | 1706.02       | +13.86         | 1501.61         | +204.13          | 20.07%       | 3819.75    | 4656.50      | 5.65           | 2398      | 1
18   | mp_downstream_b08       | 1278.09     | +27.97       | 1713.73       | +14.37         | 1509.58         | +212.10          | 41.20%       | 3759.85    | 4442.40      | 4.43           | 1764      | 1
19   | mp_lta_g040_sf050       | 1334.27     | +33.59       | 1763.13       | +17.67         | 1557.85         | +260.37          | 21.20%       | 3926.05    | 4754.85      | 5.59           | 2364      | 1
20   | mp_nmin_a120_f4         | 1348.05     | +34.97       | 1805.12       | +20.47         | 1595.93         | +298.45          | 18.77%       | 3933.00    | 4770.00      | 5.45           | 2437      | 1

=== bologna / skewed / high ===
Rank | Scenario                | MeanWait[s] | DeltaWait[%] | MeanTravel[s] | DeltaTravel[%] | MeanTimeLoss[s] | DeltaTimeLoss[s] | Censoring[%] | P95Wait[s] | P95Travel[s] | MeanSpeed[m/s] | Completed | Runs
-----+-------------------------+-------------+--------------+---------------+----------------+-----------------+------------------+--------------+------------+--------------+----------------+-----------+-----
1    | mp_lta_g060_sf050       | 913.41      | -25.17       | 1270.90       | -27.34         | 1065.95         | -479.31          | 48.20%       | 3633.10    | 4262.80      | 6.13           | 2590      | 1
2    | mp_switch_eps1          | 916.15      | -24.95       | 1276.57       | -27.02         | 1079.62         | -465.63          | 49.02%       | 3545.20    | 4204.20      | 6.25           | 2549      | 1
3    | mp_lta_g040_sf050       | 920.35      | -24.61       | 1282.93       | -26.66         | 1079.93         | -465.32          | 47.42%       | 3654.60    | 4262.40      | 6.35           | 2629      | 1
4    | mp_switch_rel010        | 927.17      | -24.05       | 1290.00       | -26.25         | 1088.82         | -456.44          | 47.88%       | 3831.75    | 4540.75      | 6.29           | 2606      | 1
5    | mp_nmin_a080_f2         | 958.98      | -21.44       | 1340.50       | -23.37         | 1137.70         | -407.55          | 49.60%       | 3892.95    | 4512.45      | 6.09           | 2520      | 1
6    | mp_spillback_on90_off80 | 969.09      | -20.61       | 1342.13       | -23.27         | 1136.02         | -409.23          | 46.84%       | 3572.15    | 4254.15      | 6.15           | 2658      | 1
7    | mp_switch_rel005        | 978.49      | -19.84       | 1338.46       | -23.48         | 1133.91         | -411.34          | 49.52%       | 3790.10    | 4429.55      | 6.39           | 2524      | 1
8    | mp_nmin_a120_f4         | 982.11      | -19.55       | 1360.78       | -22.21         | 1155.22         | -390.03          | 49.02%       | 3940.60    | 4584.20      | 6.05           | 2549      | 1
9    | mp_fair_mu3_w30         | 994.26      | -18.55       | 1385.72       | -20.78         | 1185.11         | -360.14          | 47.30%       | 3682.60    | 4418.90      | 5.95           | 2635      | 1
10   | mp_platoon_x4           | 997.03      | -18.33       | 1360.55       | -22.22         | 1162.87         | -382.38          | 49.70%       | 3769.70    | 4438.00      | 6.09           | 2515      | 1
11   | mp_fair_mu5_w20         | 1014.76     | -16.87       | 1413.49       | -19.19         | 1215.83         | -329.42          | 46.90%       | 3660.80    | 4253.30      | 5.66           | 2655      | 1
12   | mp_base                 | 1022.53     | -16.24       | 1383.52       | -20.91         | 1180.66         | -364.59          | 48.72%       | 3969.70    | 4591.55      | 6.31           | 2564      | 1
13   | mp_platoon_x2           | 1035.22     | -15.20       | 1404.03       | -19.73         | 1199.05         | -346.21          | 48.96%       | 4170.05    | 4844.90      | 6.15           | 2552      | 1
14   | mp_spillback_on85_off70 | 1051.78     | -13.84       | 1422.77       | -18.66         | 1226.11         | -319.14          | 48.96%       | 3793.45    | 4512.10      | 6.06           | 2552      | 1
15   | mp_super                | 1103.28     | -9.62        | 1675.92       | -4.19          | 1473.72         | -71.54           | 19.50%       | 3030.80    | 4145.60      | 4.36           | 4025      | 1
16   | mp_program0             | 1203.84     | -1.38        | 1801.20       | +2.97          | 1600.48         | +55.23           | 20.84%       | 3266.45    | 4392.30      | 4.19           | 3958      | 1
17   | fixed_program0          | 1220.73     | +0.00        | 1749.21       | +0.00          | 1545.25         | +0.00            | 25.90%       | 3541.80    | 4631.20      | 4.23           | 3705      | 1
18   | fixed_tuned             | 1318.84     | +8.04        | 1822.56       | +4.19          | 1624.13         | +78.88           | 30.06%       | 3637.00    | 4580.00      | 3.74           | 3497      | 1
19   | mp_downstream_b04       | 1387.15     | +13.63       | 1814.11       | +3.71          | 1605.63         | +60.38           | 60.94%       | 4237.40    | 5030.80      | 4.58           | 1953      | 1
20   | mp_downstream_b08       | 1470.80     | +20.49       | 1890.74       | +8.09          | 1686.06         | +140.81          | 60.42%       | 4466.20    | 5157.10      | 4.39           | 1979      | 1

=== bologna / skewed / low ===
Rank | Scenario                | MeanWait[s] | DeltaWait[%] | MeanTravel[s] | DeltaTravel[%] | MeanTimeLoss[s] | DeltaTimeLoss[s] | Censoring[%] | P95Wait[s] | P95Travel[s] | MeanSpeed[m/s] | Completed | Runs
-----+-------------------------+-------------+--------------+---------------+----------------+-----------------+------------------+--------------+------------+--------------+----------------+-----------+-----
1    | mp_super                | 253.91      | -37.25       | 605.20        | -22.56         | 401.72          | -176.31          | 0.00%        | 541.05     | 1111.20      | 8.02           | 1500      | 1
2    | mp_program0             | 276.56      | -31.65       | 632.18        | -19.11         | 428.70          | -149.32          | 0.00%        | 610.10     | 1201.10      | 7.82           | 1500      | 1
3    | fixed_program0          | 404.60      | +0.00        | 781.50        | +0.00          | 578.03          | +0.00            | 0.00%        | 1518.30    | 2271.15      | 7.24           | 1500      | 1
4    | fixed_tuned             | 485.29      | +19.94       | 872.76        | +11.68         | 669.30          | +91.27           | 0.00%        | 1641.55    | 2461.30      | 6.36           | 1500      | 1
5    | mp_platoon_x4           | 560.87      | +38.62       | 913.07        | +16.84         | 707.97          | +129.94          | 0.00%        | 1779.15    | 2310.90      | 7.67           | 1500      | 1
6    | mp_lta_g060_sf050       | 588.07      | +45.34       | 945.66        | +21.01         | 740.52          | +162.49          | 0.00%        | 1904.05    | 2353.80      | 7.12           | 1500      | 1
7    | mp_fair_mu5_w20         | 628.78      | +55.41       | 985.52        | +26.11         | 780.47          | +202.45          | 0.00%        | 1970.25    | 2521.60      | 7.37           | 1500      | 1
8    | mp_switch_eps1          | 631.19      | +56.00       | 982.01        | +25.66         | 776.77          | +198.74          | 0.00%        | 1967.45    | 2422.05      | 7.18           | 1500      | 1
9    | mp_platoon_x2           | 644.27      | +59.24       | 994.09        | +27.20         | 788.82          | +210.79          | 0.00%        | 2108.20    | 2577.05      | 7.43           | 1500      | 1
10   | mp_spillback_on90_off80 | 646.63      | +59.82       | 1008.52       | +29.05         | 803.26          | +225.23          | 0.00%        | 1963.90    | 2483.05      | 7.24           | 1500      | 1
11   | mp_nmin_a120_f4         | 662.57      | +63.76       | 1029.44       | +31.73         | 823.48          | +245.45          | 0.00%        | 2340.85    | 2964.85      | 7.49           | 1500      | 1
12   | mp_lta_g040_sf050       | 663.69      | +64.04       | 1030.76       | +31.90         | 825.33          | +247.30          | 0.00%        | 2058.75    | 2689.15      | 7.13           | 1500      | 1
13   | mp_spillback_on85_off70 | 664.65      | +64.27       | 1027.99       | +31.54         | 822.70          | +244.67          | 0.00%        | 2062.20    | 2610.10      | 7.20           | 1500      | 1
14   | mp_switch_rel010        | 668.38      | +65.19       | 1029.63       | +31.75         | 824.17          | +246.14          | 0.00%        | 2152.65    | 2722.60      | 7.26           | 1500      | 1
15   | mp_base                 | 672.09      | +66.11       | 1033.00       | +32.18         | 827.46          | +249.43          | 0.00%        | 2099.00    | 2591.75      | 7.21           | 1500      | 1
16   | mp_switch_rel005        | 672.09      | +66.11       | 1033.00       | +32.18         | 827.46          | +249.43          | 0.00%        | 2099.00    | 2591.75      | 7.21           | 1500      | 1
17   | mp_fair_mu3_w30         | 696.63      | +72.18       | 1067.38       | +36.58         | 862.06          | +284.04          | 0.00%        | 2377.60    | 3006.15      | 7.38           | 1500      | 1
18   | mp_nmin_a080_f2         | 713.60      | +76.37       | 1078.85       | +38.05         | 873.45          | +295.42          | 0.00%        | 2403.00    | 2896.30      | 7.13           | 1500      | 1
19   | mp_downstream_b04       | 773.79      | +91.25       | 1144.17       | +46.41         | 945.03          | +367.00          | 19.13%       | 3077.40    | 3851.00      | 6.46           | 1213      | 1
20   | mp_downstream_b08       | 871.15      | +115.31      | 1243.09       | +59.07         | 1044.44         | +466.41          | 20.60%       | 3275.50    | 3957.50      | 6.05           | 1191      | 1

=== bologna / skewed / medium ===
Rank | Scenario                | MeanWait[s] | DeltaWait[%] | MeanTravel[s] | DeltaTravel[%] | MeanTimeLoss[s] | DeltaTimeLoss[s] | Censoring[%] | P95Wait[s] | P95Travel[s] | MeanSpeed[m/s] | Completed | Runs
-----+-------------------------+-------------+--------------+---------------+----------------+-----------------+------------------+--------------+------------+--------------+----------------+-----------+-----
1    | mp_program0             | 678.46      | -9.62        | 1147.86       | -4.15          | 939.98          | -57.08           | 1.80%        | 2522.25    | 3320.00      | 5.71           | 2946      | 1
2    | mp_super                | 703.57      | -6.28        | 1187.10       | -0.88          | 981.12          | -15.95           | 1.73%        | 2446.30    | 3353.55      | 5.61           | 2948      | 1
3    | fixed_program0          | 750.69      | +0.00        | 1197.59       | +0.00          | 997.06          | +0.00            | 9.80%        | 2502.25    | 3330.25      | 5.58           | 2706      | 1
4    | fixed_tuned             | 1005.80     | +33.98       | 1474.29       | +23.10         | 1274.92         | +277.85          | 10.63%       | 2959.00    | 3811.00      | 4.51           | 2681      | 1
5    | mp_spillback_on90_off80 | 1042.48     | +38.87       | 1425.34       | +19.02         | 1226.90         | +229.83          | 25.83%       | 3537.40    | 4269.40      | 6.53           | 2225      | 1
6    | mp_fair_mu5_w20         | 1082.15     | +44.15       | 1503.92       | +25.58         | 1298.83         | +301.76          | 21.27%       | 3418.75    | 4271.40      | 6.18           | 2362      | 1
7    | mp_platoon_x4           | 1123.34     | +49.64       | 1539.08       | +28.52         | 1332.75         | +335.68          | 18.80%       | 3526.25    | 4228.25      | 6.10           | 2436      | 1
8    | mp_lta_g060_sf050       | 1132.17     | +50.82       | 1554.86       | +29.83         | 1349.73         | +352.66          | 18.37%       | 3542.20    | 4319.20      | 5.98           | 2449      | 1
9    | mp_switch_rel010        | 1145.11     | +52.54       | 1533.21       | +28.03         | 1329.67         | +332.61          | 28.87%       | 4328.05    | 5062.75      | 6.50           | 2134      | 1
10   | mp_spillback_on85_off70 | 1154.45     | +53.79       | 1554.39       | +29.79         | 1353.81         | +356.75          | 22.10%       | 3744.00    | 4486.60      | 6.21           | 2337      | 1
11   | mp_platoon_x2           | 1188.04     | +58.26       | 1607.85       | +34.26         | 1397.84         | +400.78          | 19.70%       | 3895.60    | 4714.60      | 6.26           | 2409      | 1
12   | mp_nmin_a080_f2         | 1188.11     | +58.27       | 1599.25       | +33.54         | 1397.22         | +400.16          | 24.27%       | 4048.45    | 4734.45      | 6.10           | 2272      | 1
13   | mp_base                 | 1190.68     | +58.61       | 1594.18       | +33.12         | 1389.05         | +391.99          | 21.60%       | 3884.45    | 4588.00      | 6.21           | 2352      | 1
14   | mp_switch_rel005        | 1190.68     | +58.61       | 1594.18       | +33.12         | 1389.05         | +391.99          | 21.60%       | 3884.45    | 4588.00      | 6.21           | 2352      | 1
15   | mp_downstream_b08       | 1213.36     | +61.63       | 1627.73       | +35.92         | 1426.20         | +429.14          | 38.70%       | 3891.70    | 4596.50      | 4.96           | 1839      | 1
16   | mp_lta_g040_sf050       | 1230.41     | +63.90       | 1650.00       | +37.78         | 1444.74         | +447.68          | 19.07%       | 4150.55    | 4802.65      | 6.00           | 2428      | 1
17   | mp_switch_eps1          | 1243.34     | +65.63       | 1654.39       | +38.14         | 1451.10         | +454.03          | 21.93%       | 4137.60    | 4928.80      | 6.06           | 2342      | 1
18   | mp_fair_mu3_w30         | 1257.35     | +67.49       | 1681.15       | +40.38         | 1476.78         | +479.72          | 17.87%       | 4065.25    | 4735.55      | 6.01           | 2464      | 1
19   | mp_downstream_b04       | 1271.88     | +69.43       | 1679.89       | +40.27         | 1478.74         | +481.67          | 41.17%       | 4029.00    | 4715.60      | 4.89           | 1765      | 1
20   | mp_nmin_a120_f4         | 1293.62     | +72.32       | 1714.54       | +43.17         | 1505.19         | +508.13          | 21.77%       | 4200.80    | 4976.80      | 6.04           | 2347      | 1
