Run dir: /home/jakubhomoncik/sumo-traffic-control/logs/ablation/runs/run_0029_20260614_143342
Gruppi: 9
Ordinamento: wait (asc)

=== bologna / balanced / high ===
Rank | Scenario                | MeanWait[s] | DeltaWait[%] | MeanTravel[s] | DeltaTravel[%] | MeanTimeLoss[s] | DeltaTimeLoss[s] | Censoring[%] | P95Wait[s] | P95Travel[s] | MeanSpeed[m/s] | Completed | Runs
-----+-------------------------+-------------+--------------+---------------+----------------+-----------------+------------------+--------------+------------+--------------+----------------+-----------+-----
1    | mp_super_no_safe        | 850.51      | -28.86       | 1275.69       | -22.65         | 1091.55         | -374.51          | 0.00%        | 3413.22    | 4083.37      | 5.39           | 5000      | 3
2    | mp_super                | 913.58      | -23.58       | 1345.71       | -18.41         | 1160.48         | -305.58          | 0.00%        | 3652.80    | 4379.85      | 5.28           | 5000      | 3
3    | mp_program0             | 916.11      | -23.37       | 1357.78       | -17.68         | 1174.34         | -291.72          | 0.00%        | 3386.90    | 4181.20      | 5.27           | 5000      | 3
4    | fixed_program0          | 1195.51     | +0.00        | 1649.31       | +0.00          | 1466.06         | +0.00            | 0.00%        | 4783.60    | 5748.45      | 5.12           | 5000      | 3
5    | fixed_tuned             | 1363.04     | +14.01       | 1832.22       | +11.09         | 1651.84         | +185.78          | 0.00%        | 4909.47    | 5972.90      | 4.25           | 5000      | 3
6    | mp_fair_mu5_w20         | 1721.68     | +44.01       | 2179.21       | +32.13         | 1988.69         | +522.62          | 0.00%        | 5643.10    | 6566.78      | 4.99           | 5000      | 3
7    | mp_base                 | 1852.89     | +54.99       | 2311.93       | +40.18         | 2117.26         | +651.20          | 0.00%        | 6382.03    | 7417.62      | 5.13           | 5000      | 3
8    | mp_platoon_x2           | 1872.73     | +56.65       | 2333.43       | +41.48         | 2139.82         | +673.76          | 0.00%        | 6163.43    | 7244.85      | 4.96           | 5000      | 3
9    | mp_lta_g060_sf050       | 1947.65     | +62.91       | 2403.51       | +45.73         | 2206.98         | +740.92          | 0.00%        | 6634.73    | 7698.93      | 4.95           | 5000      | 3
10   | mp_spillback_on90_off80 | 2039.75     | +70.62       | 2504.99       | +51.88         | 2308.71         | +842.65          | 0.00%        | 6777.12    | 7771.55      | 4.90           | 5000      | 3
11   | mp_nmin_a120_f4         | 2098.18     | +75.50       | 2567.13       | +55.65         | 2367.47         | +901.41          | 0.00%        | 6692.47    | 7676.58      | 4.97           | 5000      | 3

=== bologna / balanced / low ===
Rank | Scenario                | MeanWait[s] | DeltaWait[%] | MeanTravel[s] | DeltaTravel[%] | MeanTimeLoss[s] | DeltaTimeLoss[s] | Censoring[%] | P95Wait[s] | P95Travel[s] | MeanSpeed[m/s] | Completed | Runs
-----+-------------------------+-------------+--------------+---------------+----------------+-----------------+------------------+--------------+------------+--------------+----------------+-----------+-----
1    | mp_program0             | 196.28      | -1.19        | 473.15        | -0.33          | 300.10          | -1.57            | 0.00%        | 456.05     | 924.95       | 8.57           | 1500      | 3
2    | fixed_program0          | 198.65      | +0.00        | 474.72        | +0.00          | 301.66          | +0.00            | 0.00%        | 472.40     | 951.18       | 8.56           | 1500      | 3
3    | mp_super_no_safe        | 201.65      | +1.51        | 480.28        | +1.17          | 307.15          | +5.49            | 0.00%        | 441.03     | 922.10       | 8.59           | 1500      | 3
4    | mp_super                | 202.82      | +2.10        | 481.60        | +1.45          | 308.48          | +6.82            | 0.00%        | 444.35     | 924.12       | 8.58           | 1500      | 3
5    | fixed_tuned             | 277.36      | +39.62       | 558.96        | +17.75         | 385.90          | +84.24           | 0.00%        | 625.75     | 1078.42      | 7.40           | 1500      | 3
6    | mp_fair_mu5_w20         | 369.51      | +86.01       | 636.31        | +34.04         | 462.08          | +160.42          | 0.00%        | 1458.58    | 1890.02      | 8.88           | 1500      | 3
7    | mp_lta_g060_sf050       | 389.37      | +96.01       | 659.88        | +39.00         | 484.58          | +182.92          | 0.00%        | 1376.77    | 1770.68      | 8.27           | 1500      | 3
8    | mp_spillback_on90_off80 | 405.55      | +104.16      | 674.63        | +42.11         | 499.30          | +197.64          | 0.00%        | 1609.80    | 2015.92      | 8.81           | 1500      | 3
9    | mp_base                 | 406.64      | +104.71      | 675.76        | +42.35         | 500.51          | +198.85          | 0.00%        | 1621.57    | 2024.28      | 8.80           | 1500      | 3
10   | mp_platoon_x2           | 412.58      | +107.69      | 683.35        | +43.95         | 507.81          | +206.14          | 0.00%        | 1580.55    | 2094.58      | 8.77           | 1500      | 3
11   | mp_nmin_a120_f4         | 423.79      | +113.34      | 694.56        | +46.31         | 519.13          | +217.47          | 0.00%        | 1713.68    | 2145.52      | 8.76           | 1500      | 3

=== bologna / balanced / medium ===
Rank | Scenario                | MeanWait[s] | DeltaWait[%] | MeanTravel[s] | DeltaTravel[%] | MeanTimeLoss[s] | DeltaTimeLoss[s] | Censoring[%] | P95Wait[s] | P95Travel[s] | MeanSpeed[m/s] | Completed | Runs
-----+-------------------------+-------------+--------------+---------------+----------------+-----------------+------------------+--------------+------------+--------------+----------------+-----------+-----
1    | mp_super                | 333.88      | -40.66       | 651.13        | -28.32         | 475.61          | -254.70          | 0.00%        | 1129.80    | 1660.72      | 7.38           | 3000      | 3
2    | mp_super_no_safe        | 361.33      | -35.78       | 679.91        | -25.16         | 503.97          | -226.34          | 0.00%        | 1371.13    | 1877.55      | 7.29           | 3000      | 3
3    | mp_program0             | 411.71      | -26.83       | 729.73        | -19.67         | 552.90          | -177.42          | 0.00%        | 1911.67    | 2398.85      | 7.09           | 3000      | 3
4    | fixed_program0          | 562.67      | +0.00        | 908.45        | +0.00          | 730.31          | +0.00            | 0.00%        | 2379.67    | 2996.98      | 6.59           | 3000      | 3
5    | fixed_tuned             | 579.96      | +3.07        | 927.82        | +2.13          | 753.42          | +23.11           | 0.00%        | 1909.90    | 2663.52      | 5.86           | 3000      | 3
6    | mp_fair_mu5_w20         | 706.99      | +25.65       | 1031.46       | +13.54         | 852.05          | +121.73          | 0.00%        | 2600.53    | 3183.60      | 7.04           | 3000      | 3
7    | mp_lta_g060_sf050       | 749.36      | +33.18       | 1073.13       | +18.13         | 892.05          | +161.74          | 0.00%        | 3004.30    | 3607.63      | 6.81           | 3000      | 3
8    | mp_base                 | 781.01      | +38.80       | 1105.93       | +21.74         | 924.33          | +194.02          | 0.00%        | 2858.38    | 3513.07      | 7.06           | 3000      | 3
9    | mp_platoon_x2           | 797.42      | +41.72       | 1121.97       | +23.50         | 940.58          | +210.26          | 0.00%        | 3017.03    | 3630.13      | 7.02           | 3000      | 3
10   | mp_nmin_a120_f4         | 811.64      | +44.25       | 1138.78       | +25.35         | 956.90          | +226.58          | 0.00%        | 3136.72    | 3712.90      | 7.06           | 3000      | 3
11   | mp_spillback_on90_off80 | 831.85      | +47.84       | 1158.46       | +27.52         | 976.88          | +246.56          | 0.00%        | 3179.92    | 3768.85      | 6.96           | 3000      | 3

=== bologna / peak / high ===
Rank | Scenario                | MeanWait[s] | DeltaWait[%] | MeanTravel[s] | DeltaTravel[%] | MeanTimeLoss[s] | DeltaTimeLoss[s] | Censoring[%] | P95Wait[s] | P95Travel[s] | MeanSpeed[m/s] | Completed | Runs
-----+-------------------------+-------------+--------------+---------------+----------------+-----------------+------------------+--------------+------------+--------------+----------------+-----------+-----
1    | mp_program0             | 2167.71     | -32.78       | 3052.93       | -24.17         | 2832.68         | -950.89          | 0.00%        | 6044.88    | 7885.32      | 3.05           | 5000      | 3
2    | mp_super                | 2183.05     | -32.30       | 3069.88       | -23.75         | 2848.74         | -934.83          | 0.00%        | 6399.68    | 8250.48      | 3.09           | 5000      | 3
3    | mp_super_no_safe        | 2252.05     | -30.16       | 3125.42       | -22.37         | 2903.10         | -880.47          | 0.00%        | 6365.63    | 8044.25      | 3.05           | 5000      | 3
4    | fixed_program0          | 3224.81     | +0.00        | 4025.81       | +0.00          | 3783.57         | +0.00            | 0.00%        | 11101.12   | 12790.68     | 2.95           | 5000      | 3
5    | fixed_tuned             | 3488.63     | +8.18        | 4286.49       | +6.48          | 4047.38         | +263.81          | 0.00%        | 10811.38   | 12469.97     | 2.50           | 5000      | 3
6    | mp_fair_mu5_w20         | 4879.32     | +51.31       | 5771.85       | +43.37         | 5515.03         | +1731.46         | 0.00%        | 12053.33   | 13806.10     | 2.86           | 5000      | 3
7    | mp_spillback_on90_off80 | 5110.23     | +58.47       | 5966.32       | +48.20         | 5705.07         | +1921.50         | 0.00%        | 13139.42   | 14933.78     | 2.95           | 5000      | 3
8    | mp_platoon_x2           | 5220.49     | +61.89       | 6082.01       | +51.08         | 5817.57         | +2034.00         | 0.00%        | 13162.08   | 14880.43     | 2.92           | 5000      | 3
9    | mp_lta_g060_sf050       | 5246.74     | +62.70       | 6101.18       | +51.55         | 5831.63         | +2048.06         | 0.00%        | 13124.90   | 14768.08     | 2.81           | 5000      | 3
10   | mp_base                 | 5329.75     | +65.27       | 6204.22       | +54.11         | 5937.72         | +2154.15         | 0.00%        | 12918.38   | 14663.08     | 2.87           | 5000      | 3
11   | mp_nmin_a120_f4         | 5504.77     | +70.70       | 6415.40       | +59.36         | 6145.72         | +2362.15         | 0.00%        | 12906.80   | 14613.77     | 2.63           | 5000      | 3

=== bologna / peak / low ===
Rank | Scenario                | MeanWait[s] | DeltaWait[%] | MeanTravel[s] | DeltaTravel[%] | MeanTimeLoss[s] | DeltaTimeLoss[s] | Censoring[%] | P95Wait[s] | P95Travel[s] | MeanSpeed[m/s] | Completed | Runs
-----+-------------------------+-------------+--------------+---------------+----------------+-----------------+------------------+--------------+------------+--------------+----------------+-----------+-----
1    | mp_super                | 396.67      | -34.87       | 805.80        | -21.90         | 600.40          | -225.26          | 0.00%        | 1114.05    | 1872.42      | 6.92           | 1500      | 3
2    | mp_super_no_safe        | 399.45      | -34.42       | 806.86        | -21.80         | 601.62          | -224.04          | 0.00%        | 1172.77    | 1878.42      | 6.91           | 1500      | 3
3    | mp_program0             | 401.92      | -34.01       | 807.99        | -21.69         | 602.43          | -223.23          | 0.00%        | 1138.28    | 1865.23      | 6.92           | 1500      | 3
4    | fixed_program0          | 609.07      | +0.00        | 1031.79       | +0.00          | 825.66          | +0.00            | 0.00%        | 2526.47    | 3371.12      | 6.58           | 1500      | 3
5    | fixed_tuned             | 703.50      | +15.51       | 1135.28       | +10.03         | 929.99          | +104.33          | 0.00%        | 2455.47    | 3328.90      | 5.57           | 1500      | 3
6    | mp_fair_mu5_w20         | 744.71      | +22.27       | 1135.25       | +10.03         | 927.75          | +102.09          | 0.00%        | 2375.17    | 3041.77      | 6.92           | 1500      | 3
7    | mp_lta_g060_sf050       | 765.94      | +25.76       | 1152.27       | +11.68         | 944.53          | +118.87          | 0.00%        | 2357.63    | 2950.18      | 6.56           | 1500      | 3
8    | mp_base                 | 775.74      | +27.37       | 1160.75       | +12.50         | 953.20          | +127.54          | 0.00%        | 2375.43    | 3019.82      | 6.83           | 1500      | 3
9    | mp_platoon_x2           | 776.13      | +27.43       | 1164.22       | +12.83         | 956.26          | +130.60          | 0.00%        | 2402.62    | 3082.22      | 6.88           | 1500      | 3
10   | mp_nmin_a120_f4         | 815.71      | +33.93       | 1210.93       | +17.36         | 1002.96         | +177.30          | 0.00%        | 2425.65    | 3012.15      | 6.63           | 1500      | 3
11   | mp_spillback_on90_off80 | 829.20      | +36.14       | 1216.78       | +17.93         | 1008.59         | +182.93          | 0.00%        | 2548.12    | 3204.40      | 6.72           | 1500      | 3

=== bologna / peak / medium ===
Rank | Scenario                | MeanWait[s] | DeltaWait[%] | MeanTravel[s] | DeltaTravel[%] | MeanTimeLoss[s] | DeltaTimeLoss[s] | Censoring[%] | P95Wait[s] | P95Travel[s] | MeanSpeed[m/s] | Completed | Runs
-----+-------------------------+-------------+--------------+---------------+----------------+-----------------+------------------+--------------+------------+--------------+----------------+-----------+-----
1    | mp_super                | 1097.53     | -31.72       | 1697.40       | -22.60         | 1487.85         | -490.18          | 0.00%        | 3560.48    | 4852.02      | 4.61           | 3000      | 3
2    | mp_super_no_safe        | 1107.63     | -31.09       | 1714.73       | -21.81         | 1505.82         | -472.21          | 0.00%        | 3581.98    | 4869.02      | 4.59           | 3000      | 3
3    | mp_program0             | 1113.71     | -30.71       | 1705.24       | -22.24         | 1495.89         | -482.14          | 0.00%        | 3765.58    | 4895.02      | 4.59           | 3000      | 3
4    | fixed_program0          | 1607.38     | +0.00        | 2193.01       | +0.00          | 1978.03         | +0.00            | 0.00%        | 6658.58    | 7824.30      | 4.43           | 3000      | 3
5    | fixed_tuned             | 1811.07     | +12.67       | 2406.45       | +9.73          | 2190.73         | +212.70          | 0.00%        | 6603.32    | 7787.23      | 3.68           | 3000      | 3
6    | mp_fair_mu5_w20         | 1886.51     | +17.37       | 2443.06       | +11.40         | 2225.60         | +247.57          | 0.00%        | 5154.07    | 6185.73      | 4.53           | 3000      | 3
7    | mp_platoon_x2           | 2011.50     | +25.14       | 2552.32       | +16.38         | 2333.80         | +355.76          | 0.00%        | 5338.20    | 6319.03      | 4.63           | 3000      | 3
8    | mp_base                 | 2065.16     | +28.48       | 2606.55       | +18.86         | 2386.33         | +408.30          | 0.00%        | 5527.78    | 6521.17      | 4.67           | 3000      | 3
9    | mp_nmin_a120_f4         | 2153.56     | +33.98       | 2712.88       | +23.71         | 2490.77         | +512.74          | 0.00%        | 5592.13    | 6595.88      | 4.52           | 3000      | 3
10   | mp_spillback_on90_off80 | 2161.43     | +34.47       | 2709.39       | +23.55         | 2490.00         | +511.97          | 0.00%        | 5878.22    | 6933.15      | 4.63           | 3000      | 3
11   | mp_lta_g060_sf050       | 2271.33     | +41.31       | 2829.86       | +29.04         | 2606.56         | +628.53          | 0.00%        | 5912.37    | 6916.13      | 4.51           | 3000      | 3

=== bologna / skewed / high ===
Rank | Scenario                | MeanWait[s] | DeltaWait[%] | MeanTravel[s] | DeltaTravel[%] | MeanTimeLoss[s] | DeltaTimeLoss[s] | Censoring[%] | P95Wait[s] | P95Travel[s] | MeanSpeed[m/s] | Completed | Runs
-----+-------------------------+-------------+--------------+---------------+----------------+-----------------+------------------+--------------+------------+--------------+----------------+-----------+-----
1    | mp_program0             | 1702.46     | -35.55       | 2453.53       | -26.82         | 2232.96         | -879.50          | 0.00%        | 5719.23    | 7189.30      | 3.75           | 5000      | 3
2    | mp_super_no_safe        | 1778.10     | -32.68       | 2533.33       | -24.44         | 2313.62         | -798.83          | 0.00%        | 5599.45    | 7094.47      | 3.72           | 5000      | 3
3    | mp_super                | 1790.16     | -32.23       | 2538.96       | -24.27         | 2318.48         | -793.97          | 0.00%        | 5640.43    | 7184.47      | 3.75           | 5000      | 3
4    | fixed_program0          | 2641.39     | +0.00        | 3352.55       | +0.00          | 3112.46         | +0.00            | 0.00%        | 10532.07   | 12042.92     | 3.54           | 5000      | 3
5    | fixed_tuned             | 2936.73     | +11.18       | 3664.89       | +9.32          | 3425.92         | +313.46          | 0.00%        | 10116.28   | 11624.75     | 2.87           | 5000      | 3
6    | mp_fair_mu5_w20         | 5010.77     | +89.70       | 5886.89       | +75.59         | 5619.77         | +2507.31         | 0.00%        | 12551.45   | 14281.33     | 3.31           | 5000      | 3
7    | mp_spillback_on90_off80 | 5119.11     | +93.80       | 5930.22       | +76.89         | 5674.19         | +2561.73         | 0.00%        | 12988.85   | 14732.07     | 3.53           | 5000      | 3
8    | mp_base                 | 5361.34     | +102.97      | 6193.39       | +84.74         | 5926.15         | +2813.69         | 0.00%        | 14032.47   | 15943.47     | 3.49           | 5000      | 3
9    | mp_platoon_x2           | 5391.97     | +104.13      | 6236.11       | +86.01         | 5963.55         | +2851.09         | 0.00%        | 13102.78   | 14851.42     | 3.43           | 5000      | 3
10   | mp_lta_g060_sf050       | 5466.42     | +106.95      | 6291.94       | +87.68         | 6015.96         | +2903.50         | 0.00%        | 13842.75   | 15538.48     | 3.39           | 5000      | 3
11   | mp_nmin_a120_f4         | 5720.30     | +116.56      | 6573.88       | +96.09         | 6301.79         | +3189.33         | 0.00%        | 14068.25   | 15847.63     | 3.30           | 5000      | 3

=== bologna / skewed / low ===
Rank | Scenario                | MeanWait[s] | DeltaWait[%] | MeanTravel[s] | DeltaTravel[%] | MeanTimeLoss[s] | DeltaTimeLoss[s] | Censoring[%] | P95Wait[s] | P95Travel[s] | MeanSpeed[m/s] | Completed | Runs
-----+-------------------------+-------------+--------------+---------------+----------------+-----------------+------------------+--------------+------------+--------------+----------------+-----------+-----
1    | mp_super                | 248.32      | -41.47       | 606.14        | -24.72         | 400.34          | -198.97          | 0.00%        | 519.40     | 1124.78      | 8.10           | 1500      | 3
2    | mp_super_no_safe        | 248.32      | -41.47       | 606.14        | -24.72         | 400.34          | -198.97          | 0.00%        | 519.40     | 1124.78      | 8.10           | 1500      | 3
3    | mp_program0             | 269.26      | -36.53       | 624.83        | -22.40         | 419.02          | -180.29          | 0.00%        | 575.05     | 1163.08      | 7.90           | 1500      | 3
4    | fixed_program0          | 424.26      | +0.00        | 805.17        | +0.00          | 599.31          | +0.00            | 0.00%        | 1670.78    | 2454.20      | 7.29           | 1500      | 3
5    | fixed_tuned             | 490.72      | +15.67       | 880.56        | +9.36          | 674.77          | +75.46           | 0.00%        | 1583.52    | 2372.03      | 6.39           | 1500      | 3
6    | mp_fair_mu5_w20         | 642.38      | +51.41       | 1007.02       | +25.07         | 799.59          | +200.28          | 0.00%        | 2090.00    | 2674.75      | 7.40           | 1500      | 3
7    | mp_lta_g060_sf050       | 653.96      | +54.14       | 1018.27       | +26.47         | 810.44          | +211.14          | 0.00%        | 2214.38    | 2728.62      | 6.99           | 1500      | 3
8    | mp_platoon_x2           | 670.03      | +57.93       | 1031.20       | +28.07         | 822.78          | +223.47          | 0.00%        | 2240.92    | 2797.15      | 7.40           | 1500      | 3
9    | mp_spillback_on90_off80 | 679.15      | +60.08       | 1044.20       | +29.69         | 835.86          | +236.55          | 0.00%        | 2324.12    | 2899.07      | 7.41           | 1500      | 3
10   | mp_base                 | 701.78      | +65.42       | 1068.06       | +32.65         | 859.77          | +260.46          | 0.00%        | 2369.87    | 2949.82      | 7.40           | 1500      | 3
11   | mp_nmin_a120_f4         | 780.44      | +83.96       | 1156.32       | +43.61         | 947.61          | +348.30          | 0.00%        | 2577.12    | 3147.87      | 7.11           | 1500      | 3

=== bologna / skewed / medium ===
Rank | Scenario                | MeanWait[s] | DeltaWait[%] | MeanTravel[s] | DeltaTravel[%] | MeanTimeLoss[s] | DeltaTimeLoss[s] | Censoring[%] | P95Wait[s] | P95Travel[s] | MeanSpeed[m/s] | Completed | Runs
-----+-------------------------+-------------+--------------+---------------+----------------+-----------------+------------------+--------------+------------+--------------+----------------+-----------+-----
1    | mp_super_no_safe        | 696.37      | -40.17       | 1184.66       | -28.72         | 976.21          | -475.08          | 0.00%        | 2589.65    | 3604.17      | 5.66           | 3000      | 3
2    | mp_program0             | 714.80      | -38.59       | 1195.27       | -28.08         | 986.51          | -464.78          | 0.00%        | 2861.47    | 3786.55      | 5.67           | 3000      | 3
3    | mp_super                | 725.05      | -37.71       | 1206.69       | -27.40         | 996.88          | -454.41          | 0.00%        | 2849.48    | 3798.73      | 5.67           | 3000      | 3
4    | fixed_program0          | 1163.91     | +0.00        | 1662.04       | +0.00          | 1451.29         | +0.00            | 0.00%        | 5266.45    | 6345.75      | 5.41           | 3000      | 3
5    | fixed_tuned             | 1317.37     | +13.19       | 1839.17       | +10.66         | 1630.01         | +178.72          | 0.00%        | 5168.90    | 6267.15      | 4.38           | 3000      | 3
6    | mp_fair_mu5_w20         | 1696.62     | +45.77       | 2193.30       | +31.96         | 1977.14         | +525.86          | 0.00%        | 4827.85    | 5758.40      | 5.23           | 3000      | 3
7    | mp_base                 | 1848.56     | +58.82       | 2346.56       | +41.19         | 2128.69         | +677.40          | 0.00%        | 5307.27    | 6133.47      | 5.22           | 3000      | 3
8    | mp_lta_g060_sf050       | 1868.72     | +60.56       | 2361.30       | +42.07         | 2143.88         | +692.59          | 0.00%        | 5485.67    | 6326.25      | 5.20           | 3000      | 3
9    | mp_platoon_x2           | 1875.06     | +61.10       | 2383.31       | +43.40         | 2164.41         | +713.12          | 0.00%        | 5306.18    | 6157.75      | 5.21           | 3000      | 3
10   | mp_nmin_a120_f4         | 1946.76     | +67.26       | 2454.01       | +47.65         | 2234.17         | +782.88          | 0.00%        | 5422.87    | 6264.95      | 5.16           | 3000      | 3
11   | mp_spillback_on90_off80 | 2077.75     | +78.52       | 2585.39       | +55.56         | 2365.22         | +913.93          | 0.00%        | 5806.77    | 6693.55      | 5.16           | 3000      | 3
